function [] = queensimulator ( clock, time_spent)
    global end_nc init_nc i1_one i2_one
    global clockmax_queen
    global xi_q yi_q i1_o_q i2_o_q
    global realtime_simulation time_alloted
%     we'll only monitor how well the model takes to increasing number of
%     cars
    realtime_simulation = 1;
    time_alloted = time_spent;
    init_nc = 100;
    end_nc = 100;
    
%     Map 1 begin (Diamond shaped) ===============================
    xi_q = [0 .5  .5 2 2 3 3 3 4 4 5.5 5.5 6 ];
    yi_q = [3 .5 5.5 4 2 0 3 6 2 4 5.5 .5 3 ];
    i1_o_q = [1 3 8  11 13 12 6 2 2 5 5 4 1 11 10 9 13 8 10 6 5 7 4 9 9 7 4 10];
    i2_o_q = [3 8 11 13 12 6  2 1 5 6 1 3 4 10 8 12 9  4 13 9 4 5 7 5 7 10 10 9];
%     Map 2 end ===============================

%     Map 2 begin (4x4 square) ===============================
%     xi_q = [0 0 0 0 1 1 1 1 2 2 2 2 3 3 3 3];
%     yi_q = [0 1 2 3 3 2 1 0 0 1 2 3 3 2 1 0];
%     i1_o_q = [1 2 3 4 5 6 7 8 9 10 11 12 13 14 15 16 1 2 7 10 11 6 5 3];
%     i2_o_q = [2 3 4 5 6 7 8 9 10 11 12 13 14 15 16 9 8 7 10 15 14 11 12 6];
%   Map 2 end ===============================

%   Map 2 begin (4x4 square) ===============================
%   xi_q = [0 0 0 0 1 1 1 1 2 2 2 2 3 3 3 3];
%   yi_q = [0 1 2 3 3 2 1 0 0 1 2 3 3 2 1 0];
%   i1_o_q = [1 2 3 4 5 6 7 8 9 10 11 12 13 14 15 16 1 2 7 10 11 6 5 3];
%   i2_o_q = [2 3 4 5 6 7 8 9 10 11 12 13 14 15 16 9 8 7 10 15 14 11 12 6];
%  Map 2 end ===============================

%  Map 3 begin (Pikasso) ===============================
%   xi_q = [3 6 9 9 6 3 0 0 3.5 5.5 8 8 5.5 3.5 1 1 4 5 7 7 5 4 2 2 4 5 6 6 5 4 3 3];
%   yi_q = [0 0 3 6 9 9 6 3 1 1 3.5 5.5 8 8 5.5 3.5 2 2 4 5 7 7 5 4 3 3 4 5 6 6 5 4];
%   
%   i1_o_q = [1 2 3 4 5 6 7 8 9 10 11 12 13 14 15 16 25 26 27 28 29 30 31 32 24 17 18 19 20 21 22 23 1 9 17 26 18 10 3 11 19 28 20 12 5 13 21 30 22 14 7 15 23 32 24 16];
%   i2_o_q = [2 3 4 5 6 7 8 1 10 11 12 13 14 15 16 9 26 27 28 29 30 31 32 25 17 18 19 20 21 22 23 24 9 17 25 18 10 2 11 19 27 20 12 4 13 21 29 22 14 6 15 23 31 24 16 8];
%  Map 3 end (Pikasso) ===============================
%  Map 3 begin (Peskin) ===============================
  xi_q = [.5 .8 1  2 2   3  4  5  6  8 10 13 16 18 20 22 23 23.5 24 23.5 23 23 23 22.8 22 22 21.5 21.5 21 20 19 18 17.5 17 15 13 11 9 7 6 5 4 4 3 2.8 2.6 2.4 2.3 4 4 3 2 4 4 4 4.5 6 7 10 11.5 13  14 15 17 19 20 21 21.7 21.5 22 22 21.8 4 5 6 7 10 11 11.8 12.5 12.1 12 11 10 9 7 6 5.5 5.5 14 15 16 17 19 20 20.5 20.3 19 18.5 17 16 15 15.5 11 13 14.5 16 17 16 15 13 12 11 12 14 10 10 11 12 11.8 11 11 12 13 14 16 16 15.5 15 14.8 14.7 13 13];
  yi_q = [18 20 20.5 23 26 29 30 31 32 33 34 34 34 33 31 29 26 24 22 20  18 17 16 15 14 13 12 10 8 6 5 3 2 1 0 0 0 1 3 4.5 6 8 10 11 11 12 14 13.9 13.1 17 19 20 19 20 22 24 26 28 29.1 30 31 31 31 30 30.5 30 28 27 26 23 21.5 19.5 18 16.6 17 18 18.2 18 17.9 17.5 16 15 14 13 12.8 13 14 15 15.5 17.1 17.5 17.8 18.1 18.1 17.9 16.5 14 13.3 13.2 13.2 13.5 15.5 17.5 8 8.1 8 7.9 7.9 7 6.1 6 6.2 6.5 7 7 7.5 11 12 13 12.1 11.5 10 9.8 9.7 9.7 10.5 11.5 13 14 17 18 17 16.5];
  
  i1_o_q = [1 2 3 4 5 6 7 8  9  10 11 12 13 14 15 16 17 18 19 20 21 22 23 24 25 26 27 28 29 30 31 32 33 34 35 36 37 38 39 40 41 42 43 44 45 46 47 48 49 50 51 52 50 53 54 55 56 57 58 59 60 61 62 63 64 65 66 67 68 69 70 71 72 73 74 75 76 77 78 79 80 81 82 83 84 85 86 87 88 89 81 90 91 92 93 94 95 96 97 98 99  100 101 102 103 104 105 106 107 108 109 110 111 112 113 114 104 115 116 117 117 118 119 120 121 122 123 124 125 126 127 128 129 130 131 132 80 ];
  i2_o_q = [2 3 4 5 6 7 8 9  10 11 12 13 14 15 16 17 18 19 20 21 22 23 24 25 26 27 28 29 30 31 32 33 34 35 36 37 38 39 40 41 42 43 44 45 46 47 48 1  50 51 52 54 53 54 55 56 57 58 59 60 61 62 63 64 65 66 67 68 69 70 71 72 21 74 75 76 77 78 79 80 81 82 83 84 85 86 87 88 89 74 90 91 92 93 94 95 96 97 98 99 100 101 102 103 90  105 106 107 108 109 110 111 112 113 114 104 115 116 109 118 119 119 120 121 122 123 124 125 126 127 128 129 130 131 132 91 133 ];
%  Map 4 begin (Peskin) ===============================


  clockmax_queen = clock;
       
  kingsimulator();
  
end

